3.0
3.0
0.41328931927956625 0.2965687835013571 0.2901418972190766
0.8992417248842799 0.44520233203941195 -0.06615468179840442
0.0036337280043524348 0.002813000055636032 0.0023329910771137793
0.24517906865861677 0.10778120548801798 0.0878420422835022
0.10850928407440961 -0.0384484319777125 -0.0067561968460528345
-0.0384484319777125 0.1407277360826637 -0.006767495910591899
-0.0067561968460528345 -0.006767495910591899 0.0023954172707351656
6.119968053439333E-5 3.6806658690566276E-5 3.995382852315371E-5
3.6806658690566276E-5 3.707900422364513E-5 2.943720686689934E-5
3.995382852315371E-5 2.943720686689934E-5 4.427354311507449E-5
0.04324136041275628 0.00203822374503366 0.006330564586056848
0.00203822374503366 0.012008245907494759 5.959583719246813E-4
0.006330564586056848 5.959583719246813E-4 0.0034282633777698007
-0.4682834374617113 0.05226094305544871 0.08193526915993442
-0.14357798431911462 -0.4383603269241676 -0.026199791574026833
-1.169134578687738 -0.1663801185037598 -0.21135671291325267
-4.111275234231509 -0.8839538650825095 -1.453999473542284
-3.3736523435208334 -4.531131965540751 -2.8236446263295725
-2.1305266559665417 -1.955496335736593 -3.6679893323396846
-1.3711628191943672 0.10028389962450923 0.8439031156765547
-0.4976203892611414 -2.5040797831869726 0.37198457862190254
-1.3338652183215511 0.5010407605852072 -2.601589136742546
