3.0
3.0
0.318828912404536 0.4039566327774026 0.2772144548180614
-5.007755965295378E-4 -0.002209864602793408 -3.720471590744524E-4
0.7940391022052664 -0.46728382774236327 -0.0030117716631649773
0.11534401797725119 -0.07177908492194025 0.05883515679966423
2.518023777883358E-5 8.660390094634502E-7 1.0196603022704527E-5
8.660390094634502E-7 2.0030118765304838E-5 -7.064189674804216E-6
1.0196603022704527E-5 -7.064189674804216E-6 2.1220853264059096E-5
0.12062668428487125 0.014647908586434971 -0.011422387665093894
0.014647908586434971 0.17522715192889543 0.004337757197620459
-0.011422387665093894 0.004337757197620459 0.003945759713943205
0.039838700599046616 -0.03330996213839773 0.005338090143935115
-0.03330996213839773 0.03260719078216341 -0.004359482239841045
0.005338090143935115 -0.004359482239841045 0.002078247083617505
-4.724939080273308 2.1776041309709506 -3.8367968789550004
4.349934542649366 -4.817834613389424 5.165248242806437
-0.13307590921663856 -0.19918999298797677 -1.0297970569401835
-0.5585164972739707 -0.07278538214932591 0.06971897785426358
-0.04660526043897456 -0.5003574457440982 3.9413974958490007E-4
-0.6277313085008752 -0.18902927757279353 -0.14817080707661576
-2.836037328481862 0.3470855525255136 0.9554073092285437
-2.0999939968038945 -0.5805165926155974 0.4950721428952356
-3.3475753582567376 2.7261728700959 -2.2104843935920013